0.149198 0.983767 0.75101 0.946841 0.480962 0.602379 0.76722 0.343214 0.974774 0.94009 0.803732 0.138251 0.448164 0.480999 0.286776 0.455395 0.539238 0.76016 0.742148 0.28301 0.842416 0.780334 0.22152 0.356539 0.835901 0.597659 0.00535809 0.290005 0.798844 0.720823 0.726512 0.208463 
0.94938 0.0378711 0.678648 0.0145844 0.240508 0.739721 0.964289 0.736355 0.233151 0.374676 0.183144 0.138916 0.177673 0.221661 0.950826 0.0126685 0.499017 0.121454 0.355922 0.252261 0.1496 0.174968 0.915209 0.208132 0.338338 0.02068 0.695067 0.0586436 0.853665 0.9849 0.180566 0.608407 
0.729479 0.739296 0.661929 0.879431 0.376826 0.179005 0.684275 0.394066 0.287036 0.999877 0.254415 0.290271 0.897756 0.807564 0.560697 0.380271 0.188246 0.937727 0.830786 0.698833 0.294946 0.393749 0.917638 0.123501 0.60442 0.703075 0.192328 0.0632934 0.238997 0.60803 0.98162 0.94259 
0.352391 0.558513 0.141992 0.964712 0.708178 0.823703 0.787704 0.501813 0.874732 0.168897 0.785335 0.305915 0.0339583 0.900884 0.335906 0.428749 0.605542 0.78855 0.745856 0.557663 0.201349 0.227228 0.133374 0.539572 0.792924 0.35617 0.154536 0.541532 0.519741 0.448254 0.102322 0.574685 
0.0262962 0.263947 0.430083 0.462034 0.967431 0.0610322 0.0619152 0.495407 0.377439 0.457372 0.969059 0.0350361 0.931369 0.905599 0.299493 0.28999 0.861631 0.136333 0.517209 0.036796 0.344483 0.691069 0.477997 0.573506 0.790063 0.529835 0.152113 0.804017 0.890653 0.444158 0.926342 0.519036 
0.881774 0.388108 0.596085 0.997455 0.633613 0.52729 0.693196 0.676723 0.41395 0.483173 0.630624 0.80324 0.0625032 0.452587 0.115114 0.441944 0.413738 0.808864 0.819136 0.939013 0.0714288 0.815642 0.55658 0.96476 0.289324 0.0544516 0.87659 0.546675 0.354959 0.814564 0.167501 0.0704015 
0.942421 0.950277 0.11564 0.200562 0.506678 0.0935358 0.0748687 0.81563 0.0988029 0.559324 0.112445 0.384229 0.637953 0.743543 0.156377 0.493591 0.720048 0.23351 0.59788 0.905985 0.873072 0.764598 0.0743446 0.423393 0.527593 0.596842 0.104822 0.884294 0.231577 0.850649 0.671191 0.256557 
0.839465 0.953078 0.148787 0.114343 0.944469 0.676521 0.83133 0.381048 0.439281 0.567915 0.169583 0.493708 0.652696 0.514439 0.517533 0.470645 0.661786 0.351349 0.380718 0.287589 0.0991713 0.762087 0.128418 0.282461 0.442896 0.0819564 0.444676 0.435647 0.106951 0.54787 0.463534 0.61748 
0.427305 0.625551 0.759524 0.618565 0.731895 0.571197 0.6184 0.204444 0.297889 0.193436 0.603615 0.0278131 0.944712 0.546526 0.55189 0.203207 0.734291 0.461544 0.968976 0.516234 0.0581716 0.27373 0.0803115 0.108914 0.366725 0.238904 0.102366 0.971588 0.337929 0.291304 0.629806 0.787229 
0.600511 0.323741 0.355013 0.451712 0.756763 0.634309 0.573114 0.548492 0.260326 0.0225592 0.759123 0.322127 0.57159 0.0159467 0.245493 0.776975 0.761713 0.83338 0.315041 0.294874 0.721282 0.301194 0.195712 0.895827 0.298054 0.518954 0.129092 0.467594 0.950022 0.510922 0.850907 0.257339 
0.151369 0.433508 0.580285 0.978754 0.517062 0.0860203 0.865863 0.127128 0.0291419 0.36203 0.150212 0.0635113 0.749749 0.573568 0.728169 0.326331 0.534618 0.900937 0.232948 0.812971 0.416508 0.961185 0.523212 0.450328 0.954027 0.198296 0.763775 0.100594 0.948856 0.58837 0.228224 0.337412 
0.0366397 0.339315 0.633783 0.725475 0.749438 0.0962411 0.464947 0.987811 0.368144 0.927545 0.356402 0.880027 0.921016 0.549686 0.738244 0.165482 0.552308 0.0259307 0.229635 0.388287 0.78128 0.0367833 0.932872 0.971048 0.780446 0.935443 0.528356 0.0874548 0.0474649 0.0585727 0.198116 0.318661 
0.401628 0.681871 0.545915 0.517707 0.469352 0.116444 0.193386 0.780329 0.614798 0.384117 0.737442 0.121123 0.617591 0.337676 0.375245 0.7867 0.935135 0.517381 0.605788 0.595517 0.699754 0.29769 0.3223 0.608791 0.00651599 0.765969 0.699089 0.0548723 0.825972 0.13348 0.669002 0.695029 
0.0177094 0.791512 0.99271 0.271047 0.456668 0.617372 0.161433 0.987112 0.36176 0.433188 0.998479 0.135904 0.522938 0.828762 0.913899 0.431324 0.441686 0.294647 0.927874 0.380217 0.919033 0.668869 0.391341 0.294477 0.984878 0.6009 0.0148847 0.674577 0.0311967 0.137877 0.212297 0.670803 
0.923613 0.114147 0.811303 0.576754 0.910006 0.77985 0.286118 0.284825 0.254327 0.0572258 0.282816 0.83269 0.637928 0.936566 0.591147 0.832258 0.70729 0.555183 0.669139 0.268572 0.861447 0.659893 0.731992 0.462145 0.724402 0.00190475 0.807969 0.64791 0.719601 0.554618 0.0931797 0.787861 
0.338312 0.608453 0.824681 0.185371 0.702185 0.477436 0.898832 0.390755 0.281803 0.297649 0.21767 0.983258 0.240256 0.555562 0.441986 0.0465637 0.151561 0.969978 0.59139 0.00599511 0.970027 0.57129 0.0493762 0.618786 0.83627 0.0119978 0.294322 0.165829 0.962757 0.143301 0.00414756 0.106758 
0.715614 0.379052 0.490695 0.900419 0.699597 0.286124 0.121085 0.699106 0.0952883 0.158399 0.483529 0.361603 0.671584 0.283302 0.376346 0.773683 0.715337 0.422124 0.147828 0.0910158 0.965449 0.916059 0.816748 0.447485 0.923327 0.204151 0.944068 0.79924 0.074211 0.633006 0.392055 0.105588 
0.979898 0.193617 0.323169 0.348092 0.096894 0.686953 0.959813 0.701875 0.710928 0.0318138 0.600704 0.206185 0.899646 0.936138 0.350413 0.565289 0.123033 0.0950714 0.761122 0.839846 0.748224 0.514864 0.557331 0.774204 0.918171 0.570684 0.904124 0.553602 0.624188 0.645968 0.539145 0.872517 
0.955596 0.127994 0.490997 0.886877 0.801478 0.575311 0.0372784 0.793808 0.900161 0.114893 0.964504 0.439914 0.20924 0.398054 0.316641 0.154084 0.952773 0.6977 0.663914 0.631129 0.878059 0.857402 0.161109 0.0621404 0.196564 0.00309562 0.343479 0.888712 0.485543 0.864646 0.201754 0.577608 
0.104462 0.0919129 0.407682 0.482066 0.451599 0.720757 0.709069 0.036305 0.155887 0.363924 0.623332 0.398886 0.41436 0.736868 0.371741 0.788727 0.208805 0.891158 0.978815 0.225073 0.441905 0.873067 0.184147 0.0133275 0.653301 0.174521 0.27585 0.671599 0.677772 0.906994 0.423361 0.705011 
0.771338 0.119742 0.368407 0.608384 0.340494 0.357096 0.231618 0.120796 0.60229 0.00488823 0.567721 0.194517 0.46925 0.979439 0.167326 0.281844 0.691332 0.957035 0.117179 0.0849281 0.504653 0.0559983 0.790867 0.246247 0.87142 0.777038 0.0158722 0.749659 0.894198 0.658849 0.67724 0.719542 
0.832389 0.295285 0.964017 0.504067 0.35826 0.492968 0.883429 0.925277 0.598942 0.71306 0.0823408 0.951658 0.0894868 0.881876 0.107549 0.788954 0.51725 0.573231 0.518555 0.545747 0.877183 0.0561998 0.139107 0.461789 0.752065 0.866475 0.171431 0.891793 0.411525 0.0998148 0.207576 0.24652 
0.643441 0.724809 0.123805 0.628971 0.169349 0.262081 0.899537 0.910009 0.329357 0.221402 0.925284 0.429395 0.1089 0.653874 0.923314 0.371847 0.305461 0.0586017 0.412395 0.42943 0.468096 0.148233 0.159889 0.712765 0.164834 0.260014 0.48009 0.144189 0.153677 0.802949 0.974068 0.53184 
0.711268 0.0223449 0.567928 0.499054 0.137296 0.222477 0.982037 0.138909 0.337821 0.403248 0.877325 0.19419 0.77739 0.704116 0.968352 0.103771 0.668547 0.883584 0.418083 0.00200704 0.99553 0.399212 0.53211 0.292868 0.847845 0.626302 0.890311 0.448278 0.966483 0.847384 0.547842 0.283985 
0.045189 0.396362 0.293248 0.821903 0.0485683 0.614552 0.0585284 0.213453 0.429813 0.780113 0.307613 0.716606 0.225051 0.464836 0.417919 0.505942 0.370044 0.998756 0.942557 0.994567 0.773464 0.0906438 0.792554 0.960789 0.424073 0.905453 0.561369 0.853694 0.922875 0.608641 0.371365 0.818541 
0.594564 0.85472 0.710493 0.76111 0.690102 0.932608 0.215192 0.654734 0.622368 0.864882 0.949588 0.488233 0.960816 0.306347 0.794098 0.0534929 0.199221 0.0169834 0.900096 0.160785 0.43558 0.496224 0.937712 0.00716739 0.156403 0.105906 0.201877 0.827761 0.634253 0.510887 0.907059 0.754384 
0.722277 0.805764 0.86419 0.926634 0.867853 0.824238 0.203474 0.827625 0.0191505 0.0844899 0.0567024 0.142339 0.850149 0.796053 0.179442 0.594933 0.524294 0.994176 0.639362 0.896826 0.640594 0.0282235 0.1877 0.930139 0.554371 0.887688 0.668198 0.768353 0.15464 0.504809 0.764007 0.569754 
0.693757 0.827311 0.413131 0.292821 0.327571 0.917195 0.435883 0.521084 0.0737628 0.306746 0.604378 0.975425 0.394646 0.263396 0.636229 0.612303 0.479927 0.0161347 0.716525 0.875054 0.999748 0.646485 0.225833 0.142745 0.369482 0.74359 0.800212 0.564519 0.0526317 0.0181941 0.636017 0.815849 
0.590235 0.368827 0.0730054 0.243775 0.95903 0.291558 0.328185 0.707094 0.249486 0.281393 0.0022325 0.400734 0.191547 0.547182 0.660215 0.263315 0.829886 0.272791 0.280854 0.413337 0.941545 0.569921 0.156251 0.854939 0.980963 0.795918 0.418693 0.552715 0.530255 0.00741436 0.0688677 0.722033 
0.173329 0.601053 0.10772 0.811923 0.0404695 0.659185 0.850848 0.43783 0.197919 0.259 0.293051 0.711631 0.550788 0.353498 0.498954 0.549772 0.00426908 0.630549 0.436031 0.0996791 0.181763 0.394645 0.686846 0.116718 0.975619 0.675916 0.607903 0.00190983 0.606178 0.793708 0.59508 0.950013 
0.337291 0.203052 0.357461 0.587938 0.997497 0.202901 0.541196 0.000499745 0.851033 0.25567 0.870713 0.541003 0.448928 0.0519103 0.902737 0.441685 0.0158768 0.924584 0.531476 0.799385 0.0809062 0.572321 0.0583696 0.105979 0.739341 0.176887 0.405736 0.83863 0.659131 0.523824 0.598117 0.237156 
0.056718 0.101761 0.101669 0.838656 0.348629 0.624053 0.360711 0.903554 0.941716 0.912009 0.0125734 0.49675 0.418949 0.841178 0.0148622 0.0933895 0.26369 0.7727 0.739116 0.0103191 0.000566592 0.459497 0.191304 0.923843 0.127873 0.969764 0.766762 0.246233 0.843387 0.412504 0.592452 0.410056 
