0.0531221 0.0640328 0.351395 0.932046 0.644029 0.108656 0.214323 0.369539 0.327231 0.500456 0.535763 0.715638 0.230778 0.276857 0.852408 0.601429 0.91111 0.44104 0.272491 0.409867 0.00173937 0.475858 0.184815 0.250502 0.0325144 0.489636 0.406106 0.209625 0.511551 0.321703 0.272927 0.346556 
0.366664 0.279481 0.0227401 0.0122971 0.300337 0.0927559 0.636513 0.892513 0.923061 0.0475414 0.0818601 0.573922 0.880874 0.121198 0.101483 0.150389 0.312083 0.126521 0.39746 0.832258 0.0226994 0.734809 0.803155 0.794536 0.991559 0.224463 0.944027 0.17404 0.915363 0.606624 0.556418 0.849437 
0.333549 0.563609 0.0204074 0.376293 0.931469 0.155478 0.558579 0.468358 0.419406 0.72507 0.839614 0.843199 0.70724 0.121751 0.478336 0.399814 0.390985 0.515862 0.722784 0.661851 0.58597 0.70098 0.280887 0.813534 0.99053 0.454081 0.496047 0.616602 0.495279 0.0579507 0.821988 0.82186 
0.784051 0.646507 0.709097 0.824212 0.523663 0.853332 0.64872 0.994657 0.998065 0.378006 0.143704 0.418682 0.517385 0.484957 0.352342 0.234691 0.849899 0.94281 0.336171 0.81132 0.0909963 0.725341 0.402442 0.857532 0.125068 0.331513 0.708755 0.272525 0.923356 0.0379783 0.898768 0.695646 
0.817333 0.761552 0.987269 0.600767 0.955527 0.724654 0.254744 0.68269 0.669097 0.361982 0.809408 0.722648 0.668457 0.89509 0.969791 0.94911 0.677477 0.817971 0.769424 0.904439 0.524582 0.0943757 0.533108 0.590905 0.925936 0.288416 0.0133757 0.215245 0.848948 0.476029 0.202964 0.507917 
0.86062 0.515312 0.548636 0.365785 0.767918 0.498209 0.392508 0.894291 0.471779 0.269212 0.198212 0.199397 0.675157 0.972464 0.513849 0.178502 0.615144 0.994066 0.391518 0.0558282 0.367318 0.514195 0.213929 0.963851 0.620557 0.326329 0.360946 0.762685 0.867072 0.637081 0.642036 0.174969 
0.535764 0.268209 0.138344 0.409664 0.431955 0.254027 0.836819 0.160699 0.238463 0.692563 0.222909 0.878382 0.987738 0.858682 0.0892301 0.657511 0.928313 0.192535 0.825667 0.764804 0.503995 0.165311 0.775018 0.619476 0.893418 0.269041 0.347588 0.327635 0.792179 0.659171 0.550667 0.928327 
0.396474 0.481111 0.375132 0.0858967 0.954834 0.207174 0.442323 0.149401 0.808477 0.336787 0.0302565 0.751024 0.0766302 0.312971 0.759271 0.978599 0.595653 0.973275 0.342335 0.0561257 0.236721 0.652238 0.191532 0.104931 0.126215 0.705575 0.638127 0.358068 0.618923 0.905374 0.577966 0.115952 
0.26077 0.948125 0.967076 0.0595729 0.445346 0.453864 0.841095 0.0764585 0.487492 0.228132 0.420831 0.97356 0.735524 0.275446 0.326086 0.724883 0.591706 0.739919 0.598852 0.889696 0.115181 0.283513 0.94848 0.432413 0.256532 0.0472327 0.672011 0.838905 0.24047 0.509263 0.458058 0.955333 
0.385851 0.390102 0.229806 0.976468 0.714923 0.44557 0.834665 0.867709 0.351105 0.452403 0.583115 0.139513 0.0584388 0.295414 0.720901 0.202891 0.205435 0.804397 0.185888 0.537528 0.867679 0.935798 0.0480209 0.124574 0.774877 0.315404 0.656688 0.458395 0.376242 0.388991 0.0823494 0.841257 
0.410354 0.868073 0.363664 0.439758 0.469696 0.0889989 0.688889 0.0237035 0.960497 0.616508 0.0765919 0.79955 0.855833 0.67534 0.809262 0.450042 0.355393 0.595932 0.608128 0.489541 0.169824 0.973206 0.581527 0.748597 0.0982093 0.205018 0.716972 0.624523 0.92242 0.0283857 0.794859 0.397022 
0.494887 0.0954795 0.398716 0.981801 0.933858 0.301473 0.0927522 0.896724 0.2192 0.892004 0.743458 0.45193 0.308655 0.618813 0.880307 0.62802 0.0423583 0.794519 0.616791 0.940305 0.0891967 0.0809176 0.177115 0.519401 0.0861409 0.486328 0.627303 0.842028 0.39976 0.620856 0.268633 0.707532 
0.782473 0.426953 0.0288789 0.612929 0.928737 0.697508 0.77092 0.904461 0.880211 0.25011 0.0943197 0.204228 0.228474 0.594525 0.812857 0.0694643 0.560052 0.66261 0.460037 0.605967 0.210059 0.903089 0.21386 0.504836 0.465843 0.944257 0.60622 0.410424 0.0965926 0.392511 0.383635 0.859821 
0.914959 0.0581349 0.985624 0.489682 0.662702 0.613031 0.299208 0.176813 0.041877 0.406402 0.366066 0.841291 0.124389 0.777975 0.791955 0.340151 0.487429 0.915685 0.39782 0.658445 0.693751 0.108923 0.658977 0.247739 0.181628 0.439797 0.486973 0.135174 0.175965 0.00269508 0.821961 0.918678 
0.638118 0.739473 0.965808 0.539151 0.0154366 0.666186 0.0969145 0.723129 0.772546 0.0170142 0.243183 0.76357 0.100459 0.377122 0.0592154 0.881166 0.485321 0.563379 0.546422 0.093771 0.761429 0.894344 0.534701 0.57311 0.25473 0.195125 0.343195 0.359431 0.370131 0.713783 0.522459 0.202514 
0.647918 0.81638 0.047163 0.684977 0.481788 0.178709 0.0803157 0.107563 0.859648 0.0179874 0.419638 0.92118 0.27532 0.161507 0.2223 0.14107 0.25657 0.394662 0.757821 0.706705 0.251825 0.0660528 0.0644283 0.0372785 0.246242 0.099774 0.504003 0.773707 0.736859 0.535805 0.926163 0.878076 
0.558569 0.150384 0.0217114 0.305137 0.0848877 0.287315 0.0373232 0.94703 0.0129209 0.142824 0.340193 0.212709 0.553044 0.713317 0.853338 0.602528 0.860692 0.196834 0.689094 0.832769 0.917008 0.877719 0.420555 0.394702 0.969259 0.761718 0.408064 0.0489373 0.217254 0.445032 0.279611 0.146231 
0.359801 0.56194 0.468 0.751976 0.451979 0.616476 0.629557 0.390855 0.501758 0.126732 0.766955 0.349869 0.834885 0.899575 0.522983 0.0666593 0.55047 0.579425 0.438888 0.845072 0.992195 0.415869 0.100057 0.10647 0.991367 0.893561 0.394715 0.881929 0.490085 0.0558981 0.237695 0.050951 
0.494079 0.760194 0.920902 0.0925223 0.0447458 0.175025 0.528726 0.763144 0.119555 0.634938 0.369765 0.779831 0.198863 0.189785 0.326723 0.899535 0.785486 0.477636 0.367915 0.974336 0.425051 0.406932 0.652424 0.185328 0.772433 0.186308 0.542292 0.569175 0.82109 0.762369 0.534898 0.00512187 
0.403369 0.0227351 0.562788 0.736383 0.2487 0.401245 0.061831 0.634024 0.968384 0.0538809 0.433669 0.823718 0.943037 0.173953 0.732725 0.414308 0.841955 0.1139 0.0877199 0.410881 0.386541 0.698635 0.51881 0.737172 0.494782 0.435157 0.760333 0.710372 0.898321 0.413067 0.989715 0.630225 
0.760941 0.665267 0.296534 0.0521106 0.919222 0.286363 0.695996 0.761226 0.739555 0.205976 0.720512 0.138296 0.122276 0.645175 0.833423 0.763853 0.0200383 0.179514 0.196207 0.237347 0.352585 0.662437 0.134449 0.130953 0.704536 0.442084 0.154155 0.567767 0.115966 0.255665 0.0556503 0.364317 
0.566014 0.10211 0.236067 0.126933 0.0609622 0.373103 0.250478 0.466988 0.660155 0.947872 0.0968306 0.140918 0.562112 0.832279 0.208424 0.451671 0.834158 0.868214 0.662852 0.83279 0.256891 0.606041 0.12039 0.49866 0.885414 0.784405 0.251424 0.791361 0.868321 0.888816 0.0806303 0.523573 
0.386229 0.526514 0.912881 0.074041 0.511862 0.0389543 0.170218 0.0759722 0.634193 0.458362 0.184202 0.920451 0.744736 0.253899 0.892162 0.522777 0.520788 0.524545 0.311608 0.534052 0.436885 0.367905 0.0628586 0.554107 0.974195 0.482729 0.828766 0.248237 0.620487 0.893762 0.585107 0.325552 
0.561331 0.640166 0.578323 0.417402 0.417445 0.636476 0.225493 0.357181 0.267928 0.398982 0.107619 0.0333598 0.123175 0.0141949 0.490982 0.624442 0.116368 0.0587756 0.288034 0.181311 0.178262 0.0448566 0.0471772 0.925293 0.316397 0.204391 0.0256909 0.351414 0.0971359 0.69127 0.284959 0.762711 
0.107404 0.183135 0.662247 0.798192 0.0133803 0.937604 0.866128 0.292362 0.292358 0.0679462 0.61296 0.346393 0.235217 0.218412 0.685044 0.753672 0.76291 0.486733 0.8343 0.141536 0.0934086 0.179968 0.363965 0.337507 0.413402 0.74277 0.219226 0.98858 0.429846 0.852437 0.822549 0.0438341 
0.777908 0.971681 0.0349024 0.861639 0.820748 0.989699 0.359618 0.76037 0.280223 0.47757 0.518885 0.354365 0.188348 0.37992 0.610872 0.477403 0.302794 0.0195291 0.729111 0.71711 0.0266685 0.201954 0.538489 0.928461 0.363571 0.738317 0.862941 0.840961 0.518758 0.087601 0.407592 0.729272 
0.0731207 0.559237 0.821877 0.621512 0.442578 0.0441421 0.461187 0.0540927 0.151788 0.157571 0.916441 0.856328 0.34246 0.848152 0.876156 0.236832 0.929025 0.324626 0.272615 0.313914 0.335961 0.953704 0.350878 0.418516 0.781342 0.729196 0.81138 0.610938 0.42481 0.100547 0.703273 0.74565 
0.796475 0.0157908 0.89252 0.655253 0.185048 0.907048 0.401928 0.14109 0.257389 0.539773 0.627823 0.90907 0.020129 0.693933 0.627968 0.263539 0.178385 0.560435 0.236714 0.53022 0.476248 0.459369 0.75773 0.397482 0.664209 0.994331 0.976152 0.333985 0.657096 0.175377 0.714901 0.579549 
0.353978 0.00254084 0.249953 0.508389 0.58979 0.697478 0.437577 0.0689418 0.754322 0.0197126 0.0640527 0.243245 0.0540062 0.338923 0.898582 0.77982 0.730784 0.462156 0.531753 0.358947 0.0800902 0.933031 0.636203 0.683565 0.00689027 0.404992 0.320361 0.901609 0.980969 0.649117 0.141855 0.161934 
0.775914 0.939751 0.345154 0.157466 0.145316 0.925595 0.900241 0.865124 0.257347 0.893371 0.473129 0.588973 0.11757 0.529641 0.96898 0.264314 0.851084 0.833655 0.728974 0.725381 0.839984 0.266691 0.0754124 0.586255 0.424046 0.682702 0.529941 0.508124 0.988425 0.0206087 0.654052 0.966036 
0.736585 0.344063 0.935844 0.797396 0.570621 0.797749 0.128285 0.445472 0.440513 0.288619 0.393301 0.935974 0.367087 0.110551 0.9392 0.30077 0.824272 0.380671 0.274793 0.474546 0.206328 0.800705 0.289856 0.998784 0.622666 0.322572 0.421573 0.599156 0.91952 0.40387 0.484522 0.224885 
0.604594 0.824394 0.676853 0.411987 0.958279 0.02687 0.726071 0.979856 0.250955 0.664149 0.033614 0.91021 0.301734 0.922045 0.330778 0.601525 0.793096 0.979479 0.140472 0.169526 0.917643 0.0498523 0.754046 0.61155 0.41537 0.982955 0.994312 0.558632 0.456366 0.678491 0.7241 0.431651 
