8.03076 41.4516 17.3593 13.3845 77.3276 26.275 40.5937 45.3674 42.5019 62.2832 31.3623 28.1875 22.9599 93.5331 47.3296 57.3591 52.4895 58.0653 8.54388 18.2734 47.5757 72.9138 65.504 27.514 48.4061 26.7978 17.393 95.7836 91.2068 59.0044 38.933 93.633 
80.7748 90.8614 41.0727 23.8747 43.848 89.8818 16.7296 1.85545 75.0668 24.1881 5.89886 20.0912 46.2522 22.5971 73.5867 2.75066 26.148 98.8925 62.5538 34.4375 78.6249 12.9866 62.2203 42.3629 59.1606 85.0458 42.5341 75.5795 92.3652 47.5694 61.5873 35.822 
2.42217 74.7343 26.6745 80.2851 89.9218 86.2144 41.5365 26.8417 94.3337 37.4437 78.533 85.0321 81.7336 30.6576 2.68156 7.44651 1.20365 8.70674 48.742 19.8826 66.618 39.9886 42.8243 58.4797 18.5633 91.8452 46.2433 97.5521 64.3837 6.16961 13.6107 24.7824 
71.8282 82.9222 8.78454 14.0371 99.7395 36.7726 43.6388 23.7636 53.7841 35.8825 46.5634 94.3055 22.8324 81.2443 85.9293 14.6266 30.6427 91.4334 34.8681 72.3096 20.4674 56.8383 94.5612 4.21423 91.4478 17.4156 36.4105 24.7786 28.9806 91.8641 9.96705 58.7589 
33.6426 83.2832 93.9601 10.6592 77.1902 58.3864 74.0797 91.8661 72.4142 96.0009 43.3478 45.2471 0.472561 12.1157 22.5987 13.1529 13.1732 33.5004 84.4067 14.6723 5.51937 7.35815 79.4574 23.0151 37.1648 2.73645 23.0976 18.2206 60.5682 99.5414 81.4312 77.8515 
94.8653 30.0106 94.971 31.8862 71.788 39.8344 63.043 73.3549 43.5594 68.5226 97.3227 28.7492 15.321 32.3672 80.235 54.0233 32.6863 80.8851 52.9686 6.74361 43.01 45.0201 86.7287 16.7508 82.6422 55.7911 58.7803 51.679 43.2583 97.7417 70.6813 22.6162 
38.13 34.8419 97.7545 42.1978 79.928 37.1032 0.355398 17.7724 7.58125 5.54244 99.8954 15.3758 91.5888 77.195 93.3662 67.5722 85.7878 93.4058 98.8048 79.162 65.4409 35.9587 22.4905 37.0638 31.9889 98.8911 68.6571 13.3087 68.9751 71.4464 82.2511 79.593 
95.958 53.477 75.8495 3.6189 80.1926 59.448 97.301 56.6232 8.16042 58.1507 79.7446 22.53 84.1013 8.48573 74.49 77.9962 48.3203 52.2059 17.6533 78.1999 80.4619 89.2008 15.2906 96.8849 72.719 60.7998 45.4795 36.5184 37.788 4.6669 38.8427 2.9668 
88.7026 76.1766 43.4671 9.43338 8.53508 12.5933 84.0564 92.3169 27.3439 30.2653 4.26781 5.54199 76.6925 42.385 40.5069 24.4784 34.235 43.5326 34.5405 4.20601 63.6947 98.5586 72.207 30.1031 19.2978 51.8497 9.95397 83.1035 34.7442 94.6494 39.4706 95.079 
3.48491 91.4635 52.7745 83.6632 3.35421 59.9219 66.0817 3.60791 38.4452 45.3308 28.4334 26.3937 72.7659 60.4982 29.4936 93.3521 60.4851 57.6973 71.615 53.3861 2.08817 55.1116 4.82641 93.778 87.265 90.227 96.2727 24.2212 96.5028 18.1915 89.4708 78.652 
91.0837 9.46635 12.8565 92.2515 12.8454 99.1334 37.9146 65.185 8.11388 96.9251 50.1928 14.7343 6.40888 40.0258 58.981 84.3527 29.9703 50.4953 18.2952 21.1494 9.63249 79.7478 35.998 24.1376 60.0662 80.6609 21.5973 2.41773 64.4411 96.1345 34.0561 10.3699 
62.1548 44.9831 98.847 97.712 33.1704 30.4234 20.5841 65.3315 9.55875 67.7094 74.2913 45.7493 60.6194 7.34565 35.6851 28.3612 70.9292 72.732 63.88 0.933816 54.1755 6.42314 74.5987 80.7335 2.17491 40.1662 24.2104 37.1898 29.3317 68.7567 29.1913 10.6151 
17.0144 38.4966 55.6078 79.7268 74.2695 78.5521 98.0104 12.3699 85.9074 81.5555 93.9759 91.0978 61.0379 70.454 47.0731 12.1765 75.3969 19.9902 70.2829 59.9546 58.325 38.8402 46.1935 40.0765 28.8188 57.7265 55.0111 1.20244 96.3014 99.4829 9.03188 56.5227 
0.604362 57.4658 4.17947 62.1407 14.0345 14.7707 33.0554 58.2256 67.4016 7.63473 41.4174 11.6764 69.0186 26.3758 31.655 66.1241 56.6218 11.6195 94.3512 1.47038 6.55648 2.31262 41.6237 96.2323 80.5801 39.499 88.2349 2.5303 31.6055 81.7282 89.6378 73.4831 
23.3649 47.7976 57.3002 73.6125 60.768 22.1368 52.3236 50.4812 74.7311 27.5023 27.7944 45.5602 94.9466 89.1735 75.0197 96.1967 26.6962 38.1081 52.5347 50.4837 62.7019 8.51128 85.6546 1.1594 76.0867 17.2024 24.6294 67.4035 58.7271 82.1519 29.3399 62.0453 
52.724 79.1324 96.5338 47.0642 64.0899 54.06 14.7532 82.3243 12.9341 3.70031 96.5863 47.6495 43.8908 82.4984 74.7178 47.7815 25.1559 32.6602 50.8388 41.8792 7.86093 64.6836 62.5129 60.9971 46.9495 38.2301 83.8419 13.5059 36.5622 86.8622 1.35825 84.5876 
82.1122 54.8299 66.0535 98.4394 84.2502 1.83566 68.0873 98.577 77.5771 56.5475 85.2135 63.8298 26.7399 56.0713 92.3836 40.8525 62.27 77.885 44.3772 19.5532 59.2661 31.544 75.3611 32.9726 44.172 14.7506 21.0931 57.4001 14.3762 17.0909 8.04174 81.4552 
29.3434 54.4904 97.8924 6.93946 39.9944 95.0463 4.02217 93.6958 41.4787 24.1863 0.12157 73.4568 48.0267 63.3151 47.8243 34.1619 71.4668 31.9586 71.5596 63.9128 82.889 4.60565 11.1831 24.9095 13.9654 18.522 66.0081 29.8554 37.6174 73.6228 59.2928 1.11413 
28.0646 67.7725 5.71489 29.7575 75.4364 88.4642 62.7293 65.8179 58.6022 89.8195 60.2709 42.7827 93.6304 96.0661 98.9328 73.2037 86.5226 67.5584 12.0007 68.9764 38.0311 46.8509 85.0933 73.8942 78.0433 67.3545 88.4065 20.114 78.7946 69.3249 2.22009 28.0452 
6.39206 15.7549 48.0263 80.3026 92.2032 15.4989 71.7584 60.7611 43.0857 38.2696 15.8505 9.00856 12.9547 18.4715 77.7594 62.9312 30.7782 20.2569 1.50452 91.8 13.0405 82.4025 25.8192 44.2527 72.1065 39.7437 94.2581 23.6847 52.7635 76.8619 9.63354 76.5987 
75.0032 90.2152 61.0145 69.2933 41.3856 4.74589 15.0398 75.4267 0.264857 53.4591 5.90705 13.1381 73.875 30.7944 65.418 26.5419 61.281 48.7701 9.1312 70.1096 84.9837 64.5828 16.55 45.4391 86.3089 11.4254 65.9701 81.4299 25.2547 95.816 83.4163 71.3162 
83.0606 98.1098 78.979 45.2679 63.2376 73.715 81.4513 15.8204 40.1904 68.1083 36.0473 60.7991 43.842 82.1198 38.8597 25.5787 48.3863 78.4434 67.3322 81.9647 23.6351 14.2625 7.64018 82.8608 38.4154 73.736 45.4333 87.4156 73.9025 36.6278 66.4254 95.7687 
22.3248 31.5958 16.0578 49.035 6.08773 33.2264 78.0231 75.4727 57.4437 87.5958 38.3672 73.8646 92.0705 93.7889 91.8412 71.2668 58.6917 41.9901 4.35919 73.5094 29.5415 94.8345 79.0791 59.4776 97.1551 48.9606 70.2273 91.4809 18.3114 11.5143 75.7707 37.9827 
68.3463 86.4515 55.4287 54.9431 13.9264 22.9237 63.0516 50.3271 16.3799 92.7529 84.1377 92.5697 73.6004 9.88321 8.97425 58.9186 84.7465 61.0396 72.6295 62.9662 15.5043 10.3275 60.4705 93.096 22.6572 76.6944 51.0714 89.2753 33.1087 90.8334 16.9228 91.6361 
22.6555 92.0826 32.4826 47.0651 17.8629 39.7704 1.82766 25.6147 56.9204 63.3205 47.9935 6.64951 43.2202 94.476 78.6718 93.6698 96.2482 98.1077 83.5669 95.2407 15.6131 71.4737 51.3357 8.97416 25.9106 49.0385 72.151 76.6866 6.06866 90.8692 41.4055 21.5815 
74.2506 61.1348 75.9018 12.973 42.1993 84.5837 28.5015 54.9642 47.7814 42.143 9.71475 44.7212 77.1943 76.5067 59.4828 41.4102 44.593 66.5875 76.5191 17.1021 14.1549 68.6032 82.1962 81.4146 39.4092 15.733 72.6289 53.9136 75.3975 60.8097 85.7958 63.9702 
7.20022 44.8358 66.6381 26.2658 20.3652 91.8936 77.3344 32.5589 70.1707 51.7074 85.663 28.856 91.5403 42.4815 47.6698 67.0526 88.7974 78.4026 14.3964 23.7086 39.9999 66.0431 25.9415 39.229 20.9456 49.2271 8.4085 25.433 11.2916 25.1445 63.5738 77.5854 
85.5094 55.3214 34.7149 73.7874 71.2011 50.4207 58.6328 78.5935 97.221 81.1948 86.9469 38.848 31.3283 88.9974 70.936 36.599 34.0196 2.56893 20.9286 31.3596 4.73864 74.138 48.5598 96.0218 37.5884 49.426 63.1516 91.0696 11.3802 65.7616 17.9331 42.0982 
15.1124 84.8655 28.8447 9.03978 62.8262 26.8994 82.5604 73.4809 99.4735 19.8916 63.9887 68.1094 63.5729 15.7721 59.4404 24.2122 75.7357 22.4634 40.2551 43.441 98.5905 33.4024 14.8576 57.668 38.5913 97.2858 82.3826 9.99206 40.5818 47.9616 99.7574 90.2414 
7.89407 43.2974 7.53714 85.7261 42.9795 77.1855 62.6949 58.4132 74.7138 69.1715 83.2141 14.2269 3.15609 78.5881 38.4967 47.9108 63.5426 87.1851 66.2015 8.51926 76.0004 80.6851 64.5438 14.691 34.084 83.863 98.4813 97.3803 73.3736 98.9019 92.2801 37.4009 
31.4084 62.8336 52.2792 38.8649 60.1246 46.288 19.8782 76.8806 65.0259 69.2132 53.0844 57.0279 74.9111 78.4885 31.8348 42.2387 18.1858 24.0431 61.2683 48.8358 52.0578 64.1256 73.0642 4.24763 65.0586 34.9108 71.5729 7.96082 52.4244 37.55 22.5632 62.8677 
69.5402 92.0375 26.446 41.0015 2.5196 82.0188 7.43765 58.6813 36.1463 7.49373 4.51705 3.45978 64.8692 95.5573 36.7104 6.56558 69.8779 27.4571 0.477761 93.0156 94.2206 47.9939 25.5408 76.0736 52.1173 30.9634 12.4687 58.7652 8.42715 58.4383 97.8917 9.56468 
