0.82245 0.989813 0.119865 0.123496 0.00891764 0.4361 0.935331 0.503505 0.00394325 0.659319 0.121179 0.843582 0.915761 0.350241 0.802359 0.0253746 0.814463 0.0555233 0.247464 0.182471 0.974353 0.526357 0.770599 0.436731 0.0209359 0.294932 0.553584 0.0151433 0.848635 0.957536 0.668515 0.521661 0.411881 0.126911 0.0162854 0.523107 0.0180467 0.115989 0.676456 0.979387 0.492864 0.228891 0.546497 0.959838 0.931553 0.487521 0.223244 0.75919 0.447083 0.638295 0.516323 0.829768 0.898699 0.716121 0.0810465 0.373228 0.228711 0.473588 0.488769 0.0302332 0.605628 0.577183 0.619426 0.28435 
0.141477 0.443036 0.0195293 0.793754 0.701577 0.00507665 0.593607 0.921726 0.794632 0.660366 0.792449 0.420215 0.94907 0.78406 0.112861 0.292541 0.881785 0.196656 0.1111 0.812089 0.24095 0.215321 0.773364 0.09578 0.0943125 0.364825 0.744161 0.951967 0.195815 0.799091 0.45678 0.345618 0.487582 0.728227 0.440227 0.22346 0.395692 0.145793 0.404398 0.376928 0.966407 0.298197 0.973962 0.676493 0.840993 0.479203 0.639354 0.623093 0.616215 0.14471 0.293607 0.213417 0.0762638 0.991347 0.0014742 0.0621033 0.698981 0.893947 0.965903 0.86176 0.287451 0.0813243 0.468399 0.860641 
0.0474916 0.553898 0.181861 0.990432 0.943236 0.480255 0.473686 0.674482 0.62698 0.937163 0.248716 0.0922507 0.0676958 0.637341 0.8973 0.0322466 0.81893 0.55724 0.589654 0.0430576 0.187345 0.464907 0.737197 0.454301 0.346795 0.862035 0.615423 0.0808454 0.374152 0.286235 0.202038 0.225445 0.333046 0.187738 0.567259 0.905162 0.697914 0.814641 0.403909 0.665584 0.511476 0.19605 0.303953 0.553065 0.30413 0.600558 0.497509 0.152736 0.0752186 0.208045 0.11224 0.343932 0.749654 0.549147 0.717722 0.97619 0.195403 0.630442 0.9756 0.517252 0.370908 0.124319 0.50814 0.86781 
0.680968 0.995849 0.0124875 0.0947675 0.878975 0.334021 0.129342 0.199375 0.428962 0.468889 0.0755476 0.594713 0.997336 0.604558 0.725673 0.678764 0.288361 0.252862 0.844128 0.113108 0.199585 0.624958 0.877462 0.122552 0.0908195 0.673445 0.128776 0.935469 0.287966 0.0313397 0.689411 0.839197 0.0044978 0.894909 0.665892 0.0243174 0.554639 0.406853 0.326453 0.865026 0.630283 0.741083 0.750718 0.680775 0.697403 0.1367 0.608767 0.13536 0.0236368 0.937952 0.296923 0.902477 0.863208 0.0134117 0.0735591 0.262261 0.921592 0.31352 0.00521632 0.943924 0.755842 0.718962 0.162973 0.965589 
0.625394 0.830946 0.616726 0.810274 0.865649 0.422443 0.621784 0.825713 0.0465001 0.467148 0.139178 0.320006 0.0544339 0.393319 0.477105 0.838906 0.901135 0.730455 0.737488 0.0790392 0.335393 0.227299 0.275086 0.73261 0.157379 0.737221 0.00910905 0.73874 0.901018 0.571799 0.302138 0.739957 0.173447 0.73017 0.366084 0.354216 0.79789 0.188651 0.25416 0.204388 0.961944 0.535714 0.799349 0.955483 0.887595 0.16213 0.48272 0.206024 0.287734 0.690053 0.232758 0.614652 0.484491 0.700498 0.0702177 0.238181 0.878447 0.733316 0.0224362 0.630056 0.795133 0.49554 0.379442 0.703106 
0.746861 0.195645 0.558015 0.868915 0.918705 0.129162 0.754375 0.999222 0.685739 0.297507 0.494839 0.197294 0.0596167 0.309542 0.900981 0.356785 0.997182 0.419147 0.0325243 0.616641 0.811082 0.496643 0.876479 0.402221 0.685033 0.871372 0.364256 0.103165 0.818228 0.787838 0.963165 0.518867 0.24315 0.406592 0.0774572 0.293811 0.220049 0.251256 0.289301 0.989462 0.964468 0.257686 0.233287 0.365871 0.400347 0.970613 0.442988 0.524427 0.0835917 0.204653 0.387902 0.788465 0.27724 0.381719 0.983048 0.363461 0.555341 0.399975 0.465971 0.899782 0.929547 0.552062 0.599625 0.292322 
0.416406 0.64873 0.650713 0.101552 0.737768 0.856713 0.918988 0.644524 0.770732 0.704563 0.478758 0.334738 0.566452 0.0968999 0.677405 0.683479 0.285217 0.909432 0.130827 0.176093 0.270825 0.394661 0.361107 0.778395 0.789526 0.0280151 0.249108 0.460091 0.476961 0.230848 0.703641 0.484786 0.459831 0.59649 0.409735 0.909599 0.324421 0.201126 0.937127 0.829635 0.362525 0.27125 0.173856 0.227235 0.437995 0.538356 0.0818382 0.356737 0.431631 0.484374 0.67404 0.401155 0.37555 0.584017 0.330467 0.880605 0.496494 0.560486 0.891375 0.687901 0.00582699 0.771162 0.167608 0.0545271 
0.277051 0.240841 0.366406 0.768081 0.0754199 0.00961534 0.0340177 0.491784 0.813099 0.933042 0.142862 0.147635 0.130866 0.353031 0.441925 0.236863 0.244901 0.425137 0.164531 0.0328918 0.351901 0.714015 0.67514 0.815034 0.251277 0.192176 0.454766 0.489001 0.104846 0.789045 0.397163 0.487259 0.216113 0.884027 0.412473 0.382978 0.689988 0.0083191 0.630672 0.807832 0.706775 0.65899 0.699342 0.220065 0.97203 0.482384 0.293508 0.481907 0.47004 0.734452 0.20499 0.976653 0.322196 0.434214 0.564144 0.211019 0.35671 0.5537 0.483816 0.354066 0.324688 0.755334 0.409218 0.84329 
0.167544 0.254986 0.613657 0.529345 0.376981 0.404218 0.508174 0.085663 0.9301 0.238755 0.257918 0.636392 0.833856 0.775542 0.586737 0.214689 0.814614 0.539825 0.291201 0.411389 0.0708904 0.41423 0.884671 0.249674 0.199745 0.0893212 0.608429 0.195437 0.0642461 0.0929425 0.249951 0.356299 0.292475 0.039415 0.976439 0.27982 0.263135 0.0147445 0.18131 0.617276 0.332403 0.702794 0.310912 0.885215 0.796281 0.697147 0.620915 0.138824 0.749228 0.927121 0.675911 0.610167 0.858047 0.934417 0.881822 0.143703 0.132201 0.287167 0.571686 0.615746 0.504866 0.886976 0.0432896 0.131629 
0.149809 0.0353182 0.406979 0.914712 0.979106 0.292626 0.272027 0.926017 0.138211 0.457511 0.598172 0.860021 0.396233 0.866754 0.385596 0.531978 0.593306 0.582089 0.679365 0.505918 0.861994 0.404881 0.934929 0.445684 0.530357 0.194236 0.145611 0.890031 0.591851 0.156076 0.813917 0.216434 0.581689 0.288859 0.531854 0.425355 0.521094 0.499271 0.0422368 0.587309 0.820191 0.862932 0.468592 0.664703 0.583671 0.669095 0.17786 0.408467 0.734298 0.104092 0.679928 0.288566 0.291138 0.348747 0.313841 0.691347 0.617349 0.531227 0.863379 0.484426 0.621313 0.682121 0.957381 0.727068 
0.22339 0.588234 0.621919 0.358793 0.437721 0.00230639 0.725821 0.6794 0.973226 0.592667 0.338896 0.173803 0.0981139 0.977152 0.450607 0.795439 0.850984 0.855016 0.272441 0.367535 0.723836 0.494726 0.389113 0.279489 0.648057 0.963359 0.549762 0.378667 0.878355 0.945426 0.109014 0.268313 0.330977 0.852592 0.0465897 0.661664 0.892874 0.80486 0.464036 0.524518 0.58197 0.210703 0.442704 0.683053 0.426213 0.720138 0.449901 0.850394 0.762379 0.195414 0.527681 0.53307 0.219768 0.851534 0.507361 0.129367 0.463118 0.0487781 0.537655 0.226946 0.0337034 0.880626 0.0740341 0.0564439 
0.321357 0.28779 0.920567 0.702224 0.133059 0.67038 0.830455 0.0179158 0.227449 0.685968 0.218332 0.637981 0.77366 0.953906 0.154668 0.739846 0.363424 0.409731 0.0917638 0.00164912 0.244702 0.274725 0.223575 0.690687 0.892139 0.0214775 0.676745 0.107187 0.306198 0.00709361 0.0243542 0.117124 0.0237492 0.652526 0.898044 0.978038 0.8735 0.818052 0.432822 0.231526 0.0767445 0.0884774 0.878678 0.173949 0.412939 0.198615 0.267135 0.392736 0.820243 0.907997 0.809306 0.50693 0.965901 0.855176 0.527424 0.0367282 0.100008 0.849822 0.662549 0.375423 0.885321 0.730133 0.765915 0.119303 
0.00534972 0.255528 0.584544 0.0478419 0.858617 0.709988 0.820391 0.511679 0.311761 0.509983 0.304015 0.0488226 0.157421 0.32429 0.580084 0.250118 0.261209 0.724004 0.141706 0.998763 0.778944 0.648767 0.691397 0.764858 0.530457 0.0145553 0.83327 0.723183 0.150303 0.77401 0.919422 0.399975 0.56116 0.796141 0.364435 0.490851 0.411187 0.637972 0.243625 0.800387 0.222523 0.0470972 0.909715 0.933807 0.72193 0.620849 0.942127 0.362064 0.908085 0.509531 0.0294926 0.269897 0.519602 0.267102 0.0039718 0.108877 0.438602 0.942935 0.777481 0.915341 0.524468 0.0150147 0.576916 0.0748801 
0.067876 0.146928 0.180288 0.0491353 0.538753 0.096283 0.747289 0.955786 0.572461 0.985046 0.569554 0.822242 0.176698 0.384624 0.832721 0.893111 0.792656 0.665892 0.31871 0.554466 0.489187 0.675065 0.103496 0.789002 0.828497 0.907683 0.39976 0.774676 0.783914 0.600072 0.801603 0.248978 0.73928 0.813382 0.632311 0.0295194 0.172041 0.427066 0.294813 0.852347 0.446965 0.860776 0.0788063 0.821795 0.58776 0.252154 0.951788 0.0874031 0.233536 0.616703 0.737625 0.0387242 0.991132 0.822564 0.236497 0.865282 0.366284 0.847559 0.19943 0.25325 0.3086 0.0328005 0.198468 0.280892 
0.259492 0.0158073 0.157772 0.262246 0.631341 0.0646088 0.89167 0.371014 0.889697 0.482765 0.21767 0.0245016 0.784035 0.515837 0.859096 0.840364 0.279231 0.829564 0.355239 0.84276 0.94192 0.663595 0.226896 0.706188 0.877131 0.579117 0.361898 0.109809 0.326074 0.740665 0.362202 0.923862 0.761298 0.588058 0.175934 0.056021 0.229005 0.809174 0.244255 0.987032 0.113222 0.500919 0.350121 0.229076 0.109914 0.252534 0.797317 0.239165 0.465192 0.247565 0.311061 0.925375 0.33134 0.31156 0.252958 0.719552 0.713402 0.0186663 0.931605 0.359 0.963749 0.922313 0.463702 0.725542 
0.787255 0.548977 0.94353 0.487538 0.291039 0.642701 0.576453 0.307611 0.0694146 0.596369 0.316114 0.444794 0.165056 0.95041 0.599756 0.319781 0.626696 0.734866 0.154352 0.183748 0.51323 0.259949 0.611546 0.313026 0.372067 0.158453 0.207249 0.555653 0.16507 0.0940655 0.789421 0.275154 0.296468 0.278012 0.802624 0.727524 0.0545658 0.31359 0.755941 0.659483 0.306387 0.363092 0.973738 0.902472 0.856526 0.668225 0.680746 0.494133 0.36229 0.76261 0.644042 0.312075 0.344987 0.708448 0.373305 0.788948 0.742814 0.658079 0.949697 0.937693 0.515762 0.618304 0.140772 0.0884009 
0.585862 0.0276048 0.752467 0.858101 0.559 0.153372 0.722104 0.544346 0.366768 0.923179 0.888312 0.695083 0.201318 0.176475 0.0921882 0.51924 0.511011 0.716481 0.975587 0.567511 0.727741 0.715265 0.214624 0.354735 0.2147 0.121332 0.22902 0.681614 0.111565 0.785279 0.166575 0.638888 0.990417 0.235016 0.951514 0.0731313 0.593495 0.738917 0.0830737 0.593769 0.44396 0.0669831 0.136921 0.028246 0.373432 0.291845 0.124312 0.722468 0.310723 0.263903 0.723212 0.1886 0.0520355 0.449098 0.662432 0.683375 0.651551 0.260816 0.157629 0.791908 0.901993 0.18242 0.913876 0.0908951 
0.779166 0.529796 0.23547 0.64447 0.933934 0.866372 0.175477 0.227324 0.784682 0.183803 0.285791 0.819208 0.507057 0.0650602 0.61331 0.227869 0.611695 0.273593 0.378852 0.890787 0.825552 0.386399 0.32767 0.677404 0.559254 0.296925 0.40579 0.55493 0.713011 0.634204 0.217574 0.569503 0.0141861 0.0804175 0.305428 0.0668393 0.302885 0.649122 0.588863 0.297717 0.791041 0.13666 0.788436 0.476983 0.497848 0.880269 0.850464 0.997079 0.412279 0.284339 0.499487 0.0573372 0.0390992 0.612055 0.717658 0.138014 0.119806 0.31451 0.722945 0.841431 0.634503 0.137719 0.819688 0.86149 
0.258808 0.12827 0.0988506 0.513109 0.89345 0.727608 0.579989 0.36839 0.113497 0.427093 0.217989 0.279733 0.744804 0.105031 0.253472 0.390689 0.415953 0.0332791 0.733889 0.377548 0.388493 0.735594 0.828924 0.279791 0.0752532 0.268974 0.301805 0.0365285 0.100057 0.32092 0.832102 0.704599 0.515089 0.582826 0.977096 0.722052 0.900057 0.222859 0.773359 0.907572 0.528875 0.427296 0.190728 0.486651 0.905492 0.840385 0.407556 0.774226 0.266053 0.1629 0.319009 0.0310724 0.45279 0.0245195 0.24442 0.255819 0.93425 0.957214 0.965636 0.0944559 0.281076 0.564131 0.33327 0.613936 
0.881313 0.858204 0.871114 0.264502 0.514054 0.396895 0.455093 0.770638 0.773519 0.334826 0.587165 0.503418 0.0993945 0.302731 0.0888698 0.724983 0.242179 0.192964 0.653856 0.865313 0.895553 0.649925 0.0234746 0.28484 0.483378 0.341099 0.646415 0.208062 0.0602259 0.684356 0.338587 0.749974 0.549354 0.742718 0.697179 0.764988 0.42253 0.851822 0.991394 0.644054 0.991834 0.259527 0.887225 0.0710584 0.0295215 0.679365 0.150944 0.67582 0.380536 0.48274 0.580902 0.0586527 0.627087 0.335401 0.21094 0.0114993 0.9824 0.403316 0.606702 0.580065 0.0416057 0.64074 0.837708 0.119337 
0.716317 0.263282 0.478937 0.492374 0.879532 0.887198 0.718711 0.387744 0.199692 0.546057 0.413511 0.101817 0.627021 0.420843 0.202983 0.852984 0.0196773 0.269423 0.0996491 0.72108 0.649974 0.42457 0.927185 0.222392 0.932418 0.911101 0.797273 0.841508 0.825221 0.590006 0.561823 0.349308 0.795071 0.796488 0.181467 0.498311 0.792921 0.428457 0.500761 0.947333 0.0178817 0.61771 0.0884501 0.720464 0.134896 0.106369 0.8443 0.710438 0.395183 0.704237 0.63191 0.2098 0.496388 0.50304 0.221339 0.003302 0.145924 0.498483 0.939411 0.063934 0.353458 0.100101 0.923216 0.292587 
0.745632 0.777084 0.960091 0.51331 0.190189 0.203405 0.265541 0.0525363 0.928707 0.724179 0.912233 0.242693 0.25712 0.277946 0.867184 0.319092 0.573066 0.369345 0.96603 0.150715 0.959817 0.458683 0.712025 0.551121 0.359119 0.0893089 0.667803 0.375934 0.551775 0.226027 0.185385 0.502668 0.975504 0.180234 0.102343 0.156815 0.23 0.958191 0.0116462 0.516949 0.361159 0.475083 0.401324 0.835958 0.592812 0.539617 0.976831 0.0347646 0.262156 0.99512 0.421779 0.342152 0.256633 0.0897928 0.66963 0.488952 0.628904 0.979615 0.6241 0.321224 0.763432 0.577112 0.391642 0.423083 
0.152895 0.63428 0.804007 0.253453 0.52365 0.391417 0.714605 0.292747 0.815441 0.395453 0.0300609 0.388873 0.227427 0.483969 0.949245 0.866527 0.220684 0.422564 0.649628 0.814685 0.773929 0.875717 0.995786 0.450328 0.0470904 0.375286 0.71596 0.594061 0.0828699 0.374829 0.12276 0.126419 0.298668 0.901965 0.841422 0.586022 0.093586 0.751585 0.334699 0.707851 0.0989511 0.521062 0.459325 0.0811106 0.300426 0.0837792 0.721343 0.511258 0.492278 0.210577 0.177093 0.943444 0.595516 0.242464 0.863279 0.0684873 0.846659 0.0580732 0.447354 0.703608 0.378664 0.788876 0.775725 0.611992 
0.33164 0.75686 0.0859783 0.349521 0.0305112 0.834081 0.178527 0.725053 0.269663 0.594018 0.532356 0.706976 0.912942 0.0247113 0.317305 0.555894 0.28544 0.195547 0.751987 0.311536 0.607443 0.728387 0.206108 0.717311 0.445572 0.0285969 0.914085 0.192071 0.234702 0.445989 0.587992 0.407309 0.718118 0.944864 0.250932 0.547712 0.560712 0.0419614 0.0818538 0.132357 0.649138 0.748737 0.741586 0.246399 0.778641 0.533225 0.292048 0.876421 0.358922 0.841709 0.593011 0.277732 0.422694 0.390947 0.712519 0.959472 0.777108 0.943283 0.925329 0.989925 0.708054 0.064257 0.876419 0.879248 
0.779371 0.372424 0.649546 0.995146 0.566142 0.0347524 0.527059 0.791318 0.0275888 0.62519 0.165756 0.212101 0.296726 0.260718 0.808743 0.735311 0.888854 0.12975 0.523766 0.663728 0.389547 0.883278 0.982982 0.272943 0.935658 0.104079 0.365818 0.478264 0.935689 0.106206 0.496458 0.702725 0.358743 0.792528 0.278618 0.725561 0.0668187 0.470315 0.147779 0.521458 0.892445 0.657576 0.0440188 0.153037 0.546754 0.428695 0.644175 0.601328 0.862244 0.722156 0.196803 0.784149 0.976787 0.751143 0.200359 0.0416863 0.727515 0.36429 0.690255 0.992714 0.0539808 0.733528 0.519084 0.562173 
0.0462427 0.96828 0.221354 0.85591 0.985545 0.722158 0.320568 0.730085 0.32537 0.38014 0.825881 0.220039 0.51761 0.572141 0.0992026 0.670434 0.993312 0.969788 0.0581712 0.998977 0.202626 0.758822 0.943579 0.539404 0.596657 0.652151 0.239504 0.568134 0.188374 0.553477 0.479068 0.0299632 0.931003 0.344615 0.65309 0.432105 0.851245 0.395875 0.567172 0.274162 0.888855 0.246431 0.140864 0.845294 0.309443 0.40136 0.653414 0.236223 0.61165 0.227206 0.074929 0.867334 0.896204 0.474731 0.608417 0.329205 0.0243286 0.156718 0.68579 0.972408 0.375911 0.142143 0.802568 0.226828 
0.0476952 0.840483 0.179833 0.555878 0.342889 0.863945 0.0775161 0.546824 0.737579 0.543423 0.862134 0.209951 0.702351 0.64953 0.630619 0.516306 0.164843 0.65075 0.372195 0.00249687 0.647966 0.141851 0.715142 0.489078 0.164252 0.376054 0.929573 0.586629 0.444159 0.828865 0.0113086 0.851331 0.22322 0.452366 0.729495 0.977869 0.748451 0.434186 0.211709 0.794223 0.637752 0.0320378 0.758896 0.623975 0.618538 0.989479 0.118993 0.371487 0.326152 0.00438706 0.306551 0.939669 0.532304 0.582894 0.389183 0.235909 0.32522 0.249348 0.619047 0.161135 0.556683 0.21211 0.90884 0.0133525 
0.465218 0.813969 0.948934 0.851456 0.413433 0.151849 0.935097 0.937243 0.614886 0.125619 0.12459 0.130412 0.0554025 0.162153 0.286071 0.833594 0.156168 0.845851 0.628977 0.225802 0.631266 0.8856 0.492033 0.0642762 0.722484 0.74068 0.662441 0.251634 0.522864 0.636073 0.850249 0.433448 0.576194 0.54326 0.972322 0.24579 0.72929 0.650285 0.376199 0.0768407 0.640194 0.51658 0.844068 0.0271818 0.937914 0.772824 0.872313 0.906152 0.610737 0.60018 0.22441 0.993709 0.539832 0.00148134 0.102561 0.212974 0.639218 0.313162 0.271684 0.0681083 0.587088 0.421028 0.246279 0.292344 
0.728819 0.208458 0.553074 0.462199 0.00775712 0.934199 0.892969 0.796059 0.110161 0.754773 0.11478 0.896698 0.23789 0.253676 0.177445 0.945315 0.709571 0.61254 0.441358 0.578391 0.949503 0.0889958 0.832089 0.28053 0.588466 0.853205 0.227658 0.939394 0.429659 0.887614 0.437376 0.887577 0.192813 0.704321 0.756409 0.486146 0.865052 0.368728 0.735548 0.660545 0.209516 0.792689 0.815964 0.404313 0.208041 0.11284 0.302495 0.500207 0.599109 0.656669 0.217511 0.312354 0.0155626 0.392808 0.878178 0.332203 0.92438 0.900505 0.780059 0.683978 0.906867 0.231723 0.715114 0.294183 
0.262452 0.320975 0.706003 0.345128 0.164015 0.320124 0.649958 0.0502487 0.830926 0.303364 0.191091 0.297724 0.332203 0.000937806 0.595821 0.453046 0.552224 0.174182 0.980298 0.888023 0.89465 0.24625 0.728008 0.525724 0.179072 0.326002 0.710653 0.922949 0.529438 0.75966 0.617541 0.970268 0.867144 0.895028 0.344238 0.131398 0.566609 0.104268 0.896762 0.825838 0.544374 0.23154 0.87066 0.750379 0.132255 0.858971 0.675205 0.622532 0.249518 0.885436 0.38579 0.730437 0.770136 0.585048 0.940996 0.306217 0.211967 0.317177 0.149359 0.917525 0.639684 0.0994283 0.215483 0.121474 
0.528464 0.24509 0.608224 0.826375 0.0220377 0.060233 0.475875 0.321209 0.0421331 0.584881 0.428765 0.87403 0.736034 0.00453101 0.647026 0.104172 0.728047 0.277154 0.345845 0.906462 0.153582 0.855244 0.550913 0.807876 0.435509 0.763861 0.168086 0.553808 0.189606 0.798168 0.00904483 0.638615 0.981423 0.543195 0.937039 0.754871 0.120969 0.910707 0.857849 0.801386 0.175709 0.256798 0.828981 0.402339 0.542861 0.275667 0.281652 0.0143371 0.273614 0.078619 0.688228 0.820778 0.418838 0.880456 0.253536 0.239299 0.517945 0.399376 0.162493 0.616285 0.463453 0.417609 0.520887 0.57179 
0.845575 0.664398 0.157018 0.814795 0.72068 0.202317 0.47802 0.892178 0.772854 0.310881 0.550807 0.724052 0.993579 0.0493679 0.329393 0.400348 0.100152 0.769047 0.185763 0.730136 0.417235 0.885946 0.630951 0.113037 0.375177 0.221151 0.876468 0.961947 0.971308 0.752419 0.647307 0.609616 0.135499 0.842205 0.33387 0.763643 0.953737 0.566144 0.54286 0.327484 0.387069 0.899569 0.0625288 0.532292 0.661713 0.238325 0.772842 0.624599 0.537038 0.451557 0.932091 0.46225 0.567214 0.78367 0.860222 0.0974192 0.976811 0.32556 0.0895776 0.238559 0.30297 0.539348 0.196923 0.739491 
0.970237 0.451329 0.460385 0.56988 0.530688 0.990239 0.497108 0.513299 0.759962 0.745839 0.138746 0.129425 0.479331 0.186149 0.406284 0.0159143 0.383494 0.221974 0.968334 0.542139 0.369638 0.017475 0.493635 0.00586266 0.802824 0.351713 0.0602143 0.126519 0.349594 0.730835 0.261265 0.0801263 0.51695 0.310687 0.536844 0.462054 0.219585 0.863804 0.514806 0.483525 0.779564 0.853939 0.865218 0.209986 0.358575 0.336274 0.448751 0.477672 0.0304081 0.814917 0.536839 0.461992 0.890204 0.620384 0.474556 0.0623405 0.0789932 0.545536 0.624908 0.0539234 0.291617 0.234433 0.553064 0.271974 
0.0315261 0.703928 0.453127 0.282726 0.502475 0.557546 0.913256 0.745488 0.971207 0.862882 0.397081 0.0159412 0.152914 0.297849 0.382719 0.0239855 0.346262 0.92252 0.0104995 0.484209 0.907541 0.523047 0.871982 0.973284 0.0182438 0.7284 0.160598 0.457797 0.46116 0.184332 0.919519 0.866551 0.0583014 0.877985 0.423734 0.29253 0.416623 0.635356 0.529371 0.748552 0.149613 0.134502 0.56944 0.500352 0.754365 0.0879218 0.425697 0.832128 0.856921 0.058585 0.828967 0.426202 0.680367 0.525679 0.332222 0.678806 0.391308 0.281697 0.860923 0.337043 0.465079 0.691523 0.502026 0.186016 
0.267062 0.735418 0.993058 0.132025 0.676733 0.0926067 0.845858 0.473952 0.74205 0.089315 0.164017 0.0140687 0.260668 0.99883 0.939046 0.46479 0.200068 0.0978993 0.933132 0.849739 0.734675 0.964214 0.499413 0.0400658 0.133643 0.472389 0.318441 0.837572 0.835288 0.802713 0.443457 0.530301 0.782358 0.813373 0.936242 0.992469 0.64143 0.0294314 0.112061 0.812584 0.375394 0.0374758 0.812208 0.454105 0.298309 0.0826316 0.236553 0.394614 0.922957 0.152553 0.013044 0.972844 0.167116 0.682161 0.856891 0.667727 0.139922 0.52476 0.619763 0.912362 0.282835 0.979411 0.65492 0.0453393 
0.320915 0.196751 0.35201 0.103713 0.574548 0.541573 0.832147 0.159733 0.557294 0.236262 0.156309 0.699711 0.52704 0.0708857 0.0870759 0.330856 0.177166 0.0822073 0.60324 0.0951933 0.540242 0.764789 0.787273 0.381423 0.735328 0.695519 0.837357 0.978794 0.790161 0.0238953 0.368024 0.319318 0.752709 0.551339 0.463994 0.808055 0.555239 0.241911 0.769875 0.589686 0.506283 0.108593 0.62625 0.839064 0.414091 0.054671 0.235651 0.425103 0.754784 0.427152 0.281898 0.711442 0.794633 0.579819 0.0652839 0.520551 0.296629 0.340098 0.170148 0.769751 0.586664 0.119219 0.624498 0.251265 
0.558433 0.363052 0.71039 0.406098 0.029771 0.612867 0.289879 0.129968 0.12485 0.720988 0.655439 0.0509653 0.134512 0.667671 0.691257 0.61398 0.604736 0.0131626 0.899065 0.0463671 0.161919 0.524636 0.87586 0.872962 0.350802 0.38475 0.87597 0.925255 0.709352 0.320179 0.226512 0.905625 0.62315 0.371899 0.544105 0.758159 0.260721 0.453649 0.75202 0.253786 0.284582 0.569834 0.643171 0.784172 0.817231 0.700547 0.721967 0.845314 0.111095 0.400925 0.868783 0.483794 0.313176 0.227187 0.878841 0.745075 0.547054 0.879537 0.958961 0.328595 0.824621 0.355991 0.110811 0.306315 
0.982627 0.781031 0.602004 0.255128 0.794342 0.778025 0.513906 0.138019 0.0680741 0.79887 0.369249 0.85973 0.811929 0.210536 0.573858 0.18833 0.768184 0.714242 0.83914 0.214097 0.238495 0.676526 0.272347 0.0465345 0.344096 0.252336 0.623382 0.772738 0.925865 0.618069 5.30905e-05 0.433247 0.0832666 0.0621728 0.924373 0.707914 0.739471 0.629647 0.831749 0.660625 0.214358 0.380657 0.987406 0.214812 0.642593 0.573424 0.721775 0.114852 0.245518 0.93006 0.170641 0.872883 0.783691 0.691954 0.305502 0.851502 0.628044 0.394297 0.92563 0.171864 0.437544 0.323385 0.700565 0.171464 
0.300019 0.458221 0.411263 0.354861 0.741774 0.809782 0.406645 0.50818 0.360556 0.351971 0.377745 0.248856 0.257174 0.354298 0.941833 0.229531 0.0779327 0.374009 0.819335 0.0190255 0.524443 0.396782 0.0708774 0.0992361 0.255933 0.398897 0.582958 0.934883 0.654426 0.271775 0.135672 0.626513 0.0800909 0.772582 0.0882444 0.817104 0.276595 0.40424 0.385198 0.536312 0.963631 0.939778 0.186466 0.986136 0.49734 0.594039 0.847474 0.0179268 0.273757 0.893968 0.0768769 0.584197 0.328873 0.230695 0.504687 0.762168 0.182329 0.846077 0.990278 0.361486 0.336477 0.218906 0.360637 0.72167 
0.363831 0.517689 0.44357 0.239621 0.051448 0.803008 0.60986 0.8189 0.20609 0.613671 0.656275 0.228891 0.669216 0.468976 0.218698 0.957165 0.492099 0.0467449 0.494645 0.48795 0.676702 0.295435 0.429815 0.866227 0.367461 0.365834 0.394367 0.869064 0.115998 0.222433 0.672822 0.653081 0.314561 0.280142 0.434286 0.7752 0.154059 0.661716 0.0791431 0.526139 0.0585876 0.18861 0.724664 0.748891 0.127229 0.335813 0.276695 0.23563 0.140353 0.31012 0.485122 0.816922 0.454413 0.485277 0.753678 0.096495 0.24187 0.025094 0.684842 0.966347 0.740126 0.927645 0.576434 0.211748 
0.498646 0.166846 0.108609 0.592956 0.403935 0.258279 0.862687 0.549986 0.120369 0.657156 0.313732 0.297826 0.984962 0.416728 0.107309 0.144208 0.399284 0.0624184 0.675892 0.117085 0.695913 0.385967 0.266182 0.208588 0.338867 0.397152 0.173214 0.73907 0.716744 0.894952 0.572145 0.0255881 0.972815 0.955437 0.871238 0.759188 0.532839 0.0168145 0.750004 0.943635 0.0514697 0.532179 0.719892 0.0690589 0.612227 0.0592417 0.198942 0.863075 0.775298 0.555043 0.402581 0.96525 0.347717 0.211093 0.992152 0.21444 0.588916 0.119274 0.255138 0.931901 0.319261 0.0367459 0.409708 0.611886 
0.316704 0.584791 0.632596 0.546027 0.604832 0.725035 0.323065 0.511895 0.254721 0.261832 0.720977 0.95534 0.71193 0.483839 0.0761858 0.733717 0.889519 0.303461 0.379393 0.526465 0.00481943 0.838014 0.71154 0.940515 0.390499 0.985442 0.614208 0.0095493 0.151656 0.498926 0.333991 0.893246 0.888365 0.262446 0.546501 0.158913 0.673994 0.103469 0.282877 0.541008 0.366287 0.85308 0.276377 0.814434 0.28718 0.406627 0.364707 0.780548 0.391324 0.574846 0.517625 0.570141 0.591873 0.843657 0.853687 0.488793 0.280869 0.0480339 0.105662 0.780581 0.38299 0.918109 0.306196 0.432057 
0.0508531 0.860798 0.893379 0.893609 0.916323 0.251407 0.713392 0.950137 0.748588 0.44267 0.159275 0.597663 0.248574 0.53323 0.93689 0.381835 0.911588 0.793029 0.0866172 0.727682 0.919401 0.233435 0.905309 0.168292 0.285068 0.861917 0.0525535 0.100416 0.671112 0.861622 0.217789 0.0767526 0.756228 0.245382 0.034805 0.371335 0.486507 0.305585 0.855201 0.176323 0.619076 0.265565 0.604861 0.853752 0.101277 0.852183 0.319231 0.915009 0.258694 0.124353 0.15281 0.950945 0.823552 0.818811 0.079128 0.752555 0.028481 0.25871 0.845029 0.818657 0.0957545 0.1138 0.0162159 0.67604 
0.0648156 0.295332 0.348029 0.581422 0.707253 0.2648 0.710782 0.520451 0.931508 0.805517 0.343915 0.67884 0.958997 0.746295 0.861653 0.441045 0.176026 0.848242 0.794576 0.147066 0.648087 0.746447 0.602078 0.951237 0.440192 0.978533 0.834395 0.593461 0.624444 0.0770685 0.362015 0.0642893 0.621467 0.480121 0.268468 0.00221605 0.536092 0.66801 0.404734 0.0911727 0.965029 0.538481 0.709442 0.0773867 0.563599 0.175219 0.0888005 0.605664 0.541809 0.0862196 0.235823 0.432967 0.482952 0.0678042 0.560201 0.400462 0.0916894 0.745656 0.844397 0.919671 0.334992 0.0194356 0.812154 0.829682 
0.943349 0.364617 0.354176 0.382378 0.804218 0.661134 0.845642 0.889394 0.479308 0.84698 0.58945 0.0833032 0.180856 0.79499 0.758013 0.41285 0.847538 0.706298 0.668025 0.938704 0.310655 0.60989 0.770801 0.397227 0.44347 0.550963 0.877836 0.573586 0.332397 0.932826 0.921806 0.976889 0.240413 0.331476 0.964084 0.418075 0.967456 0.5845 0.366295 0.172286 0.897293 0.00941074 0.0888294 0.0145546 0.320373 0.850607 0.280575 0.0742983 0.676344 0.221593 0.902309 0.449926 0.203187 0.504822 0.823888 0.375249 0.90845 0.0507649 0.565252 0.498018 0.514554 0.666789 0.648776 0.866408 
0.622707 0.216757 0.557607 0.217191 0.352156 0.118363 0.881518 0.313471 0.934849 0.246463 0.453963 0.601544 0.223689 0.951314 0.357548 0.903671 0.0470743 0.315989 0.71242 0.685132 0.766914 0.0416896 0.550476 0.190757 0.909519 0.308059 0.395762 0.983259 0.255121 0.886852 0.442031 0.208811 0.903534 0.561793 0.9419 0.0328521 0.75765 0.0560633 0.199637 0.11618 0.938476 0.370144 0.122242 0.296302 0.756068 0.0972233 0.84995 0.332714 0.764831 0.670232 0.875779 0.697586 0.64479 0.743506 0.108825 0.491645 0.053861 0.186418 0.444032 0.294954 0.33228 0.33633 0.562448 0.0687888 
0.933033 0.268672 0.468021 0.734713 0.59314 0.0839925 0.8006 0.55447 0.75693 0.254027 0.985496 0.24917 0.835942 0.105872 0.553002 0.598095 0.995664 0.943748 0.173639 0.173419 0.803032 0.25629 0.0669266 0.454963 0.978128 0.209634 0.598479 0.796789 0.795849 0.404647 0.197687 0.526675 0.637829 0.749321 0.994359 0.272716 0.632812 0.470034 0.750612 0.685484 0.633276 0.968317 0.329099 0.590446 0.190137 0.894495 0.709729 0.399127 0.988276 0.206382 0.369086 0.489596 0.00893806 0.8272 0.255216 0.778533 0.911662 0.263706 0.572636 0.467261 0.763499 0.464626 0.998196 0.684867 
0.0500287 0.484428 0.201099 0.545531 0.849031 0.285252 0.0020345 0.559417 0.946188 0.578768 0.442826 0.638153 0.738708 0.978324 0.615201 0.76967 0.826237 0.136596 0.18659 0.805895 0.152494 0.7699 0.915988 0.808869 0.382268 0.0644758 0.00895291 0.650266 0.51309 0.244118 0.552935 0.715291 0.564138 0.628289 0.377834 0.010873 0.87598 0.462966 0.348841 0.733097 0.814834 0.89565 0.841913 0.304063 0.124518 0.257059 0.839461 0.907173 0.435898 0.2987 0.870125 0.105071 0.404402 0.617095 0.587351 0.31558 0.528249 0.0589002 0.722039 0.743789 0.241263 0.428839 0.964755 0.0763674 
0.263637 0.318691 0.353192 0.989837 0.769604 0.0985473 0.473009 0.389504 0.184249 0.777408 0.386012 0.483346 0.332508 0.800592 0.833821 0.760071 0.498165 0.245309 0.904495 0.67696 0.0464309 0.816913 0.0299748 0.834686 0.378326 0.377695 0.0565236 0.29788 0.254726 0.315079 0.388954 0.123152 0.773415 0.548041 0.909454 0.528371 0.337346 0.0308824 0.0244518 0.400057 0.386291 0.0731572 0.757596 0.37855 0.0297464 0.4103 0.553436 0.607349 0.978552 0.463964 0.935505 0.26403 0.461873 0.0101735 0.04161 0.187631 0.675851 0.280959 0.723491 0.668132 0.206818 0.513757 0.725837 0.984753 
0.998652 0.840065 0.0743728 0.587173 0.359216 0.598595 0.630246 0.880267 0.622312 0.156625 0.619314 0.151357 0.468079 0.561557 0.231369 0.144053 0.785132 0.130477 0.304416 0.687244 0.195271 0.319231 0.614846 0.928242 0.124066 0.778375 0.153693 0.545095 0.854537 0.785618 0.810013 0.804967 0.816994 0.217331 0.467764 0.704232 0.215198 0.544343 0.196126 0.239527 0.369885 0.867843 0.155012 0.774115 0.0976262 0.73262 0.662293 0.947263 0.0913212 0.489184 0.724063 0.621795 0.00379384 0.157979 0.0536271 0.821029 0.471106 0.760219 0.636353 0.215214 0.706256 0.829075 0.592157 0.935078 
0.342207 0.690265 0.0461157 0.196502 0.446297 0.998968 0.211522 0.758995 0.629463 0.103291 0.976825 0.496501 0.340331 0.747753 0.663924 0.66256 0.239535 0.323148 0.33429 0.420268 0.353413 0.528122 0.983733 0.0698915 0.253558 0.00398413 0.0406581 0.0725333 0.428257 0.741179 0.57889 0.991104 0.704196 0.348567 0.8034 0.062722 0.514695 0.952874 0.86422 0.443273 0.27872 0.809468 0.805772 0.353688 0.700497 0.998028 0.809376 0.55614 0.822975 0.527331 0.951063 0.595385 0.181572 0.144426 0.267935 0.744057 0.324028 0.719418 0.997475 0.508073 0.844687 0.442598 0.587116 0.326521 
0.573013 0.558313 0.424992 0.897329 0.498684 0.0491626 0.66104 0.667499 0.016521 0.0369461 0.487073 0.712958 0.992139 0.748477 0.888768 0.607665 0.662634 0.391705 0.860014 0.739477 0.172649 0.85773 0.164552 0.104755 0.420042 0.550806 0.957911 0.0203212 0.159179 0.515344 0.143836 0.194974 0.103356 0.564453 0.46884 0.177155 0.279627 0.350482 0.656951 0.0993674 0.834771 0.310855 0.566769 0.42063 0.103866 0.127489 0.665381 0.62988 0.540295 0.474327 0.28888 0.560738 0.699803 0.0315158 0.24377 0.550679 0.709853 0.464839 0.856901 0.594035 0.683927 0.258222 0.867497 0.0212199 
0.422447 0.833767 0.407647 0.987594 0.690867 0.992091 0.121632 0.114818 0.24051 0.453181 0.621759 0.0949116 0.911803 0.575889 0.52693 0.0946836 0.201561 0.498091 0.351032 0.426604 0.170227 0.407927 0.649281 0.920327 0.67569 0.656124 0.0371262 0.0549591 0.0912211 0.0522715 0.334147 0.375917 0.93197 0.728931 0.809428 0.319405 0.218563 0.897066 0.847879 0.275969 0.290557 0.476276 0.174095 0.9425 0.89768 0.69345 0.697732 0.264665 0.618341 0.270016 0.683144 0.74771 0.930966 0.559753 0.704606 0.362388 0.198846 0.483197 0.885903 0.826424 0.44756 0.330711 0.185164 0.462794 
0.10115 0.668979 0.490993 0.616668 0.0206684 0.993546 0.800377 0.457372 0.597685 0.761332 0.394982 0.413854 0.531473 0.429459 0.562461 0.991207 0.718677 0.831597 0.113832 0.745501 0.244459 0.451569 0.699908 0.752874 0.046765 0.390453 0.47666 0.696468 0.513184 0.108749 0.189434 0.958372 0.405156 0.629296 0.748647 0.915636 0.252786 0.947912 0.00177881 0.228447 0.445998 0.724716 0.707773 0.723813 0.621195 0.575626 0.266785 0.271599 0.72783 0.397075 0.16318 0.563678 0.91894 0.557941 0.513994 0.410106 0.167433 0.831712 0.783981 0.8011 0.15088 0.150416 0.275264 0.664483 
0.589599 0.222003 0.537538 0.127262 0.951424 0.981227 0.465506 0.283889 0.367242 0.48853 0.978992 0.264604 0.716196 0.769355 0.885315 0.149387 0.804371 0.627091 0.303766 0.643554 0.5098 0.470439 0.269339 0.126737 0.181243 0.0274356 0.259768 0.943436 0.954019 0.831785 0.376729 0.451575 0.882553 0.896777 0.974248 0.650948 0.46369 0.47929 0.8365 0.0403651 0.0954672 0.886481 0.744894 0.527465 0.0642328 0.155524 0.0854753 0.529449 0.272544 0.919919 0.729734 0.105297 0.997029 0.475296 0.126806 0.392456 0.103076 0.384814 0.498491 0.679065 0.185777 0.134947 0.928347 0.795654 
0.0939362 0.0168494 0.87726 0.696358 0.891945 0.259784 0.259245 0.300809 0.303012 0.76449 0.976119 0.0810717 0.2171 0.123943 0.785652 0.260249 0.0906943 0.0420128 0.442773 0.761276 0.870836 0.0696948 0.213173 0.301914 0.470721 0.165224 0.00487574 0.88983 0.828186 0.914517 0.814302 0.553308 0.878413 0.9847 0.223323 0.0856704 0.115919 0.254887 0.0188354 0.549188 0.251929 0.302119 0.780815 0.638022 0.981065 0.338087 0.342987 0.637981 0.133945 0.0419626 0.588946 0.932216 0.805068 0.40342 0.29463 0.329534 0.430197 0.551571 0.954809 0.452904 0.56745 0.181345 0.992712 0.931567 
0.487611 0.876894 0.141901 0.522325 0.593393 0.359346 0.342069 0.974946 0.190712 0.39835 0.121507 0.596802 0.205266 0.520765 0.01415 0.530639 0.0363573 0.610697 0.301484 0.897119 0.615834 0.89433 0.310913 0.0986822 0.757848 0.88131 0.11192 0.179275 0.517945 0.207411 0.827815 0.891357 0.665667 0.596822 0.0488468 0.713505 0.650472 0.486568 0.0778165 0.607189 0.40927 0.0817068 0.462388 0.327969 0.148381 0.769523 0.364094 0.459209 0.504587 0.121116 0.169457 0.79783 0.956308 0.573062 0.356929 0.11257 0.551702 0.737517 0.850532 0.165786 0.601901 0.179765 0.282586 0.0121306 
0.993663 0.186915 0.957894 0.361656 0.703482 0.773933 0.634963 0.36608 0.876089 0.57019 0.0958866 0.203362 0.660667 0.209658 0.962812 0.511035 0.886545 0.941998 0.153749 0.35329 0.832236 0.49985 0.766382 0.691644 0.477379 0.314272 0.239882 0.118373 0.0725864 0.650185 0.917913 0.418662 0.230716 0.371759 0.394722 0.074774 0.428184 0.555053 0.2884 0.953318 0.493594 0.431803 0.159576 0.927633 0.510688 0.494116 0.122306 0.287079 0.758162 0.223769 0.536781 0.333257 0.0258839 0.41794 0.545891 0.219526 0.952941 0.819564 0.774829 0.891956 0.205306 0.178882 0.0547563 0.769408 
0.826821 0.668547 0.823854 0.379285 0.212738 0.964237 0.389659 0.976342 0.562629 0.851837 0.853795 0.681029 0.970538 0.462229 0.548015 0.214681 0.280763 0.146995 0.212566 0.0573614 0.749947 0.711867 0.50991 0.103336 0.795168 0.665181 0.873917 0.50764 0.0813175 0.302844 0.128276 0.948684 0.208522 0.883039 0.151482 0.876566 0.228623 0.981299 0.759745 0.539566 0.563006 0.682256 0.925666 0.778232 0.772154 0.914108 0.148558 0.861801 0.176041 0.484667 0.0522984 0.342884 0.0824254 0.481101 0.99406 0.0834563 0.906405 0.666529 0.321398 0.132583 0.674782 0.645833 0.407838 0.118407 
0.301374 0.269688 0.468635 0.375123 0.96538 0.227905 0.0896159 0.25692 0.117229 0.429764 0.993956 0.433504 0.492715 0.793908 0.99383 0.18064 0.0201732 0.587712 0.531521 0.70843 0.064172 0.821978 0.29877 0.66801 0.426392 0.053345 0.786272 0.899487 0.418616 0.63268 0.0661962 0.866641 0.644468 0.800615 0.439573 0.625853 0.129404 0.247314 0.472533 0.94768 0.0891069 0.419785 0.00704943 0.00567628 0.93798 0.645777 0.181915 0.227141 0.816205 0.670321 0.151249 0.805829 0.139489 0.223309 0.779154 0.825915 0.0821003 0.77366 0.42787 0.166797 0.990543 0.189725 0.936731 0.934675 
0.51732 0.198625 0.72377 0.256532 0.439891 0.113192 0.409286 0.89402 0.12578 0.327312 0.207203 0.744928 0.432076 0.231151 0.633751 0.705276 0.992151 0.426483 0.899779 0.19277 0.828381 0.78186 0.432695 0.749434 0.454418 0.958872 0.00508966 0.151357 0.554361 0.964764 0.353884 0.101293 0.0109088 0.592936 0.252097 0.816674 0.333006 0.344326 0.865915 0.779568 0.251618 0.771013 0.83937 0.745716 0.965582 0.0473662 0.621337 0.159295 0.0641501 0.086867 0.981644 0.0657313 0.120144 0.786333 0.126799 0.756228 0.590193 0.812486 0.426509 0.974138 0.549335 0.711895 0.784408 0.814548 
0.308059 0.418965 0.852768 0.564143 0.071721 0.378143 0.133952 0.679517 0.49938 0.474775 0.803829 0.23793 0.731742 0.444677 0.900598 0.355913 0.621093 0.723245 0.452515 0.750363 0.559982 0.372918 0.0687939 0.62659 0.525208 0.310704 0.197618 0.553609 0.903734 0.667426 0.722763 0.880008 0.325038 0.797447 0.346973 0.921384 0.377455 0.128559 0.980222 0.701272 0.277843 0.425761 0.185454 0.911995 0.895936 0.29858 0.991777 0.262142 0.180935 0.0538345 0.0861686 0.152584 0.39154 0.302464 0.548207 0.301182 0.6091 0.212468 0.200019 0.511575 0.260263 0.748766 0.631596 0.419974 
0.577271 0.664417 0.628461 0.419683 0.18041 0.0799301 0.552474 0.121801 0.38026 0.833985 0.923517 0.125509 0.815802 0.916342 0.725002 0.0402655 0.0680182 0.577059 0.0993045 0.928626 0.848222 0.655235 0.796534 0.626863 0.481478 0.390734 0.0498112 0.192252 0.541726 0.62046 0.453072 0.426792 0.927261 0.0835513 0.520274 0.516203 0.628438 0.330004 0.734245 0.609682 0.178319 0.536332 0.0894231 0.894982 0.0139952 0.737886 0.959969 0.326884 0.233709 0.425081 0.920738 0.952525 0.0660889 0.847544 0.968763 0.167207 0.84556 0.33374 0.196791 0.254604 0.258176 0.859912 0.187949 0.270778 
0.443472 0.183738 0.571505 0.896226 0.388378 0.848515 0.272313 0.49133 0.364029 0.54019 0.795319 0.330963 0.415676 0.88005 0.987343 0.843175 0.619798 0.735608 0.855985 0.313901 0.172857 0.120033 0.208371 0.114372 0.511072 0.459237 0.879724 0.363935 0.900632 0.989305 0.114342 0.0586781 0.232586 0.536445 0.322552 0.806421 0.752484 0.928382 0.356302 0.302926 0.189822 0.665295 0.702472 0.950028 0.140817 0.156786 0.520005 0.8314 0.215884 0.458667 0.111412 0.0534285 0.229866 0.131737 0.078418 0.549919 0.811379 0.942566 0.212207 0.175719 0.104998 0.425421 0.719427 0.722818 
